228604018467946496
1068185206585122816
1161313367954296832
254626848393281536
872685030476095488
214722609538011136
364977262140997632
1159840825733308418
1255277542292041728
971095698446921733
1051928533654753280
1256324218108571649
1226373172137562113
212846554720108545
880054550018703360
720874904048918529
1068165957657358336
217897374293569537
507952201017212928
743150729645301760
974619152777297920
1161474843159646208
1171424408440692738
485338433951236096
1255179523680694274
1021494423891451905
1161686344298405888
1068196420379910145
1255219354536419329
694836284095893505
1255196776019062784
1255228215548882945
975274679656067072
783250896251527168
1255278144652742663
1161746853056192513
694089706087194624
1160629173335011329
974992492536897536
1161757759462707200
1061705791378546688
419117653504950273
1143060327816474624
1064985475700670466
974528547808206848
1162352548797460481
1256323827547533313
363107276959539200
777893166
1161693306717294592
1161523934933737473
975057617188999169
41134981887700992
1064957121798782976
1163741535302647808
1256168269829947392
881485999297179650
1068234964041428998
228509632627347456
788004647193735168
1026944459228045313
1254841925133168647
1067712133377523714
1068155188584693760
607943508742127617
601505907420188674
545653546557779968
15024060793
414893677371092992
272277352879374336
309957040254640130
414892377262673920
1161743199267971072
66779124663992321
695561504645582848
845203021348798465
1255073051630329856
599798951953371137
1052997837406044160
901133201393020930
601123109865828353
1068140856673107968
591284265482002432
1255278302962606080
1255245774939709442
903866279165018112
1161685533182980096
1108784390677528576
40383412816580608
673788766847303680
414476762136182784
1255211119481774085
946207431834701826
1762617672
3262318189
966330215126523905
1162015305742376960
1255116439389974528
975089997626961925
1044639960471678976
834730346373644288
694469115084275712
1255933466530713600
880984385247297536
90737466813845504
196868427124715520
13790328218
1068114489000828928
1255239396850270209
881613820195553280
1162355399707639808
1068170744209666048
601443866894434305
1255181315307114496
507970877003030528
1161655339306983429
788032103397093381
717298388409192448
414892731874295808
1255095942925049857
1219655352905371649
414679462635393024
270616969101844482
988129246718521344
1159733299679354881
878973754965016577
975082172804620288
507950555327500289
406661848143265792
596195153355927552
1255203892478042112
787216991345971200
786876841369800707
601413188932898818
1255162549336592393
1170716733834846209
600966086268334080
1255233822955917316
15806844046
1255256278928166912
1028647355103342592
1159913532592443393
1220423808005394435
1067491350860333056
1161704374902517762
975115595573284864
18663054313000960
1162689304667348993
1255195566922964992
1255124483427504129
678139677849718784
15103284167
387396904222347265
975048020436795394
1116728734395129866
1255235628796645381
974950188115640320
507903739068284928
1108093646891474944
1256367064207351808
789121533297864704
694578435725733888
507921497856299008
1061560306223198208
1068124374090305541
1255256111281774592
694121057041551360
601479851980251137
974896516048461825
881598370682466305
1255248630937780224
760475445011812352
311436346201870337
1255110896902262784
1115666643324039169
1068174101410398209
787960808139403264
1159700037368107008
1208459178550759426
1255175574227767296
320997571667570689
601222449561120768
229793272825016321
1068954057010753541
41116220954640384
881464913834762240
414811157338128384
788096198561456128
1256302721075867648
788035454968864768
1161744317871902720
938734624661913600
1138063117785526274
665826070252249088
784455536980951040
1161658396799463426
694979567954583552
1255194073121452033
219044383599755267
1219650960781238272
694838336003805184
979389386373689345
1161534961444372480
598512326422228995
1062748485722796032
557983415002075136
15863865328
362000326083084289
217950913887862784
1255039579197001728
787675571836837888
975146835756109824
1255606559247200257
508683235409145857
1162414871847161856
1124962934130597889
881489889878880256
975010720373854209
1255132440726663171
1161358401097486336
15184229658
885046176004833281
881551590804606976
1068160030623584257
1068228806807191553
1162801974607147009
601461554584793089
226020165647740928
1255164485444272136
306654054052921344
694842118267932672
1068226222339981312
134277660397420544
491845151031955456
227300222244642816
694580421527506944
787161185107976192
507844402874576897
227306103250223104
1255220831887790081
881585002290569216
273542516933013504
1161607678382104576
693398235910524928
1250412325779070976
159952672525529088
1255239816192700417
1045378982412255232
1240684043097632770
2727387991
414839264749166592
507875211023511553
881622760778104832
1255259822968246272
39576347332452354
881579660580147202
601261089284722688
1256281490658398212
601330493452263424
1162706691911118849
971038135177089024
881486401308549121
599246825057484800
15995183134
414874579035648000
38128210399076352
227666159414157312
1068082882420400128
129619247625289728
1255148358533918728
1162420487944900608
788103717560127488
787937708261924864
881541794319654912
209638501384327168
698892489445363712
506683737187549184
1255228063018897410
1255211982405292033
507083218881761281
787665143844962304
1161732151622209536
1255494744546979842
1162794135725588480
1052287032142090240
845595503542915072
414470858074513410
601486743884410881
803942472158220288
1068267627116560384
871743930748067841
414892757098827776
506189759400513537
1238341008586309634
832989548418363394
694927109467172865
979233128
15312188272
1068136336463405056
955154812898865153
1161663146446266368
975121114853707777
1067442795340795904
787872575879774208
880832304062627840
321319981470085120
598366800955375618
1110941537079300096
460126167681351680
975098954969792512
601449666035601408
751075019208335360
1163146621044973568
321327612855205889
416642202945982464
321305487587041280
227466064483741697
507942814291075072
1068177585924960256
839405803228516352
1255216298981838858
600268892884217856
1255128366803333120
1255279460414377989
1255957709834186754
227711929257439232
1068236647374950400
1255226655444021248
1149321919528747009
881106433047236609
1255934811912445953
1255092508134191104
414892843925114880
227483533013315586
1248862339958333440
881929582667980800
601452770529411072
695685331048333314
786671659902234629
1255978619270291456
827776708224774145
226605829388914689
305248703000768512
1068395700956930048
39332016910499840
935134572647518209
1255282350864437249
598036973035524096
1128906746032869378
703899599556255746
460379567237378048
14349694933
495222060554018816
37166873439109121
787352669237157889
414834252530724864
1256331746737451010
973627913135276032
1138614855781367808
414892897989718016
1255149608755294209
754982441832546304
1255276208226537476
1067648724657152002
1256261725483143170
1155873625053884416
1245927353076690946
1255260516244688898
414892695933308928
507759391429251072
1152482458257936384
788026949692186624
1255224315781550080
593470378997080066
1055487539438440448
1141826573965774848
1255973587124707331
1029685011820109824
1068170886371528712
1255523523990355968
1102972879061176320
514417746390433792
590903841106759680
711183981639835648
1021112196456206341
694832499436879872
1161362701429432322
490928423909339136
450593161845686272
1255209933051777026
1069082071597862912
1030773714575667200
874981721430573056
1161666968094556162
881578039657635840
975058006902824960
974975323665154048
591725430937255936
1021368091500949504
733602188555997185
1068172464184684544
4104775725
1255171305952866304
974690118530420736
599787429122351104
228417560637472768
414836817993555968
1068266586916691969
1095560845990420480
1161719802186162176
1068217667922903041
39388374364061696
414745112753614848
1256202587226980352
763991410
1068277566967033856
1137593059745488898
1064916683628769280
1161782655441969153
1161393709826695168
412502212762275840
321042214149050369
1256277910215933960
1054738362630721538
1068164101388435457
507977433639682048
821385068002340864
1148789256187334656
492236155513880576
1255210809354936320
39663818791583744
1161698328213483520
727191340375633920
1068187093141254146
975074553272590339
1161745573164113922
601063006013763584
422979232281534465
414894296857194496
787679063678779393
1254740551594803200
694131910163828736
1255236702077169666
783288328812695552
124209104112717824
1157700863932153856
1148314547259711489
1255222799662186496
403928369722843136
1185391618599178241
975025824645689344
974528944505421825
1255208970358145024
1255035401041072135
972858515084730368
316222988741652480
507811468147175424
1255190945475309572
225834480949133312
1068244641508601856
1199683082015477760
442267429692243968
694605689465909248
1244282690335113218
416660854277668864
15938788927
848162371348680705
134471412525182976
507225239399325696
1062464221328404481
601348689659961344
1045175194841739264
788064925608472576
1160217370519937024
1068188589660479491
1021514664843399173
414849434565238784
1209546811272073216
1255199884522602497
41044553121275904
588367763267133441
1255362896080535552
1161744530623881217
411518443658031104
881544203930550272
414869921433411584
321335127873560576
955668719207772161
1255242954459025409
1062030067386191872
1255149192684560391
506046261993013248
382120550392295424
917091894500274177
312476886225797120
1161558437919985664
1255115639884259328
1246174270448959491
506356608654258176
598523093364002816
202699712241991680
1149161129970507777
787656163751886848
1255242973392101376
133877313132691457
1255271717553033222
15084019928
788079907209375744
39615733503766528
788046159684132866
943168127386267653
601275408915386368
1158817468741238787
38399783110451200
705596917170896896
1147967656424693760
1249675831565148160
89933330417594368
375123743422439424
315455813248507905
1125356082241490945
525508728129212416
414893482210107393
414834048804978688
449969181883371520
494786594998468608
1246837551777878019
19074977621868544
321004684682854400
1029683938216878080
1196096543427715072
321329034736844800
975112404982992897
602181026333339649
310784273428922369
601335736391053313
1255252932980858882
507782662145064961
307165618363322368
1161699284909207552
1068175768964845568
314344156694720512
39585678920646656
1161723251619352576
222327663270965249
881004916323610624
1255223815497551874
975150593227526147
787649503079768065
1161744495051862017
881556020178419712
1068736406372126720
1067638082713747457
1161714235619119105
507890235292676096
788026468244787200
1255186121476186123
1141615940922011648
414892608280743936
694751169067880448
226048832117555200
408989435695730688
1255272857745178625
320831330151710720
695561504645582848
1152480763612295170
1008968587430715393
1068249074091085824
975098278026002432
1049187455868592128
1255910695197192194
414738074363387904
1068195264358313985
1256167386694082562
596348185200562176
225650964009463809
1255816183774720000
15986993185
1068181670040350722
1161242545835380737
483672534064181248
1255208155803299841
1161735384222617606
507936371244150784
135050771447300098
414837025116676096
226803454406979585
414834092216045568
680358057134653440
1161686358751993856
695688510984974336
39342699408670720
1162422423053987840
1255108422363762688
432991437790392320
972131003476176898
1162365628214317057
958735863533498368
1112564473418665984
1255193638310563840
788056482730373120
221918516381626368
975010650064760833
1255175531034787843
1068233263163080704
1256358213710217220
1216354508843954178
414834726411575296
1255206744940138496
940917605434576896
235375221987758080
488983945032531968
414893739908165632
1068188013740679169
1215941371468451840
1161596714349944833
771824610966855681
1160554990248890373
600204324518563840
322049816538513409
130912540145352704
27614844562
844625442321530880
1255222157841436673
470588855821672448
1255218303804608512
601458081218764800
881543688056225793
1161781344567025670
601436010673635328
414480362488602624
984371029547069440
1157710119624273922
695292611246952448
414837104116371456
592241044365807617
1161636014781341699
1239894308599152640
1255236964711792642
1161337226820636672
489095606267154432
319822788745654273
1222896483155898376
414842295662682112
1160684707513872395
787684659593252864
3662822339
1047898002529144834
468064089558618113
788101396780331008
968416042585178112
1251541506269212672
1161692818420559872
414833651679907840
1051208578126815232
1256239227773337602
576101120440807424
4414798371
41079524024258560
1068000304048758784
691846209540067329
881326512447918080
946625173544939520
876107915740028929
1255414027016159232
974435658776367104
1255119278359097344
321252968034885632
974685569182830592
506842305622315013
1068145097735327747
1158388124621430784
974023572141281281
227710871688859648
1255144440588406785
1160513184064610304
1056320635817746432
1160989628981227522
1069267799552471040
414802095334637568
597602987607994368
507962673405775872
1255277958161408002
133982707712655361
787983315286368257
40763170364596224
40731894555344896
846552504255074304
881503429171924992
1068189910618783745
314778059066712064
506011531998679042
129504674926694400
1058471665066274816
414894030099472384
1161669227964579841
1161333422322700290
414883959999582208
723525744601739266
1104882027
507934602430644225
414655959726710784
361984751793479682
789123592990654464
1200308676248006656
881463171936112640
1161601161415151618
1255079717415325697
1161645241356541952
129624151559380992
1161781951289798657
694709329283272704
1255230682944737280
1161276702074515456
470446725547565056
1256122184872923141
881058196315660292
974942332733636608
1255234128435392512
1162668986246430720
881520776666652672
134626156380045313
1162369610709995520
789170960196734977
788038172634652672
13545136273
1067410912137494530
786314814628954114
1191261454516666368
975068704743419904
1255223337283989506
598384258927984640
788032356540043268
292929984241225728
1255162930590625792
38391178835656705
1255047318518157313
1256158324103528449
596720190827597825
507955518707470336
1255235984851165191
712327686358630400
1255195996679802881
596667693622657024
1162377532500512768
1068178075014365187
488633480553574400
40475274315309056
414738221181206528
227617071167578112
1161740323254493184
788124202285006848
881674150632443905
754314695826255872
1162873170912776192
1253710393643581440
881602481213521920
1136854240876306432
678219126628683777
40463136343465984
500703959334400000
1068192977497931776
1045374360998105088
1081095601134190592
601427905143504896
507947969635557377
901289732025360384
38952456402505728
1068229989412282368
1255829714020818944
1017294232061505536
1255133699273658369
1068164591505498112
39351383379554304
1255184291413164033
4032890122
319876075574403073
1255279861008138241
1255501994632056834
1148167971010834434
1161724318029635584
1161715235604090880
24390496486952961
881551519488888833
601409455301865472
969783015776768000
83856188193771520
203541916883750912
1255911722856206337
1065632568593268736
789252652295008256
881429060404088832
1256229040043819011
1255125863030353921
881527988830879745
1022061395515527169
881619021556330498
224798865436577792
974958315389292544
601116284810432512
1256054968290852875
1255284538101678081
1068175401183338496
134692809218330624
714525082928996354
128161898033188864
1161669881542127616
262986050916450304
1158222996999245824
649500596416811008
1107893454409875456
321317246389604354
975042147861843968
879211432323276800
881845625268174848
414716930671407105
548506959985385472
224175584694108160
1068187423602106370
395598080554192896
692229416886366208
598068154791632896
601465093289684993
1158961539409301504
27717348207
1068157296809668611
975080181655248896
974888460027744257
788810224102674432
1069261753127583745
1255236276489519106
40791186553847808
1255240674930294785
1161448068266569732
133903605571919872
1210658901114445824
414892585597956096
15833702528
1255217642320859137
396332017115488256
787668239308492800
13228798548
15473163588
1067828815898980355
1043870040255287297
707148114809860096
881260418211225600
919135110737227777
881223881729740800
1255210569063333891
227111700590112768
873307848733806592
1255203383432163336
133607356687851520
1256118860023029760
126362519764873216
1161701310854336514
1255274604605685761
967537553309085701
881572606004133888
1036312784496222210
317865279424172033
693398473895497728
1256340883248574464
975007260094033920
601457794298941440
40995114830659584
598908343839641600
1255153143597264896
2757776108
695682454062034944
507888059724357633
1251529994548809733
15877926369
226009357693886464
925700025039990785
939913603494248449
770660019272646656
1162727937562382336
601411035120017408
1255231113326452739
1161561665290166273
1202836797828370433
320784110211694592
709061067780005888
838405447379922944
1248528624354906112
1161696230583328768
414834150667874304
1161774760096743424
3815167683
1161378908836642817
1256310283313659905
975016463567273986
1069279929546694657
154287010159411200
2678015597
1162007852212318208
881521898395488256
12987985489
1255073064984821761
1255916869560799232
507943074907959297
414893314865766400
975475480454488070
14290977481039872
1018159768559484928
880663587240505345
1255068696130850817
601460236059156481
1243897103631265792
1255063894323855360
1060230146656034817
507787987149541376
1068166297710551041
321353885480542209
414892561891733505
493520616620703744
15627459674
1214105376913625088
693079961859661824
881486625859145728
414838363862994947
1255158890045468672
40476684650156032
1255166953137864705
601459011121065984
1242486764662444032
694920595385942020
414170572830945280
506880036587458560
1034074308841099264
1068218399153668097
1162248447115661312
962713527550013440
226924208570126336
1147816282231693313
1161725209709174784
14890236660
1256233812574588930
1247061124140257282
1255235633007734787
1061562462401634304
15437870127
1027278782812639233
24018832605
1255274882134351874
414834442029379584
693281405921431552
15935749171
414834994268213248
1255230235374686208
763365441297272832
1255225558058795009
872169216245465094
1161719898290081792
321220104782241793
1255117733039087616
919977565829386240
1255076191872131072
825044673433653256
1111958144345759744
295192883210891264
881391246207459328
38126937721409537
1255222898085842950
1162703815956549633
1160846624475811840
880667763618045952
15550341190
694959151957413888
1255239202180038656
1255232840461168646
227769350948524034
975744138413948928
507104600105566208
785080109892005888
689477045986832385
984703676118978561
787706755232899072
407531968654348288
692760287443718144
881577652401909761
880855402925240322
1161723951753515008
788044078059487232
1256317765419331584
414894217677111297
1027563756509962244
714033502350540800
1022619320189374465
694779682911313921
1255108642367406080
1161563396585578497
1255241888057131008
787345506527617024
881568777116274688
1221491749572337664
974590233286234112
1255043281546706944
1161700230041100289
1255593759275958279
679706767530524672
411591738378428417
1183333694150459392
975096177229053952
876669850239873024
693096401157410818
1256332052934213632
1255168933138751488
1160474510618812416
117951859838287873
1255224102069194752
1255266890932539393
512500163923804160
1045376336422998016
1255546347094183938
593150752870178816
873463945796788225
1255242554645319683
1144903564294098944
847641509679603724
601421118944071680
507816209589362688
134508719252844544
492539344469516289
1095387604814426112
1255159967947976704
1066382576917585921
1161620355179352064
1159732638988423168
974658323352965121
1057715072049524736
1068095408210042880
683313819800633344
1255238969014525956
1068175424092422145
600388623259709440
1255250572430712833
1255604074759634945
694673984516820992
203369809700864000
1255236490151497729
1255059543328989184
600608966201061376
15697402321178624
1256248948341256192
788101489231364097
914317368993525761
1160252780315103232
109946227931615232
1130837868606132227
414436145259618304
591660212072751104
974534954250944512
1089867038674300929
975070807939432448
975335643248181248
1161664581774614528
1068212255085473798
40474163797823489
1055852073277906944
687572417946845185
1068075063952367616
788121459113746432
881185396113240068
819731534668267521
974907599492665349
1154385173116420097
1161696693038927872
968731017300336641
415153965568118784
1255259013891178498
408527134714376192
975066802278449152
320634955531182080
694765900847644672
878596065125179393
426817957839507457
601467023411924993
1064059373830443010
